астролог 2516689 18026 4 
нумеролог 1884675 8924 4 
оккультизм 40993 8605 0 
экстрасенсорика 492242 13225 4 
космоэнергетика 112762 9555 1 
биоэнергетика 105323 9636 0 
ясновидение 56739 5727 0 
рэйки 262793 10990 2 
гадания 289181 26189 3 
хиромантия 299059 12485 4 
спиритизм 4836 1099 0 
целительство 56677 11230 0 
каббала 83762 12800 1 
парапсихология 176449 11154 3 
трансерфинг 998541 24715 5 
ченнелер 176589 8902 1 
дизайн человека 281472 15761 5 
осознанные сновидения 35785 2376 0 
контактер 31178 7072 0 
тетахилинг 432269 28596 3 
гипнолог 557889 13264 4 
регрессолог 246583 11561 1 
коуч 2899393 18122 10 
мотиватор 7508926 26535 12 
руны 371702 25947 3 
веды 109808 7361 1 
аюрведа 626217 24672 6 
проводник 1400229 17228 7 
сексолог 3850292 14898 7 
расстановки по хеллингеру 1639293 13491 3 
марафон 3160247 13314 3 
